1341845688.561749 1.0 0.0 0.0 0.0 0.0 1.0 0.0 0.0 0.0 0.0 1.0 0.0
1341845688.593654 0.9999588131904602 -0.0072792209684848785 -0.005416900850832462 -0.0037743314169347286 0.007275910582393408 0.9999733567237854 -0.0006305490387603641 -0.002916887868195772 0.005421346519142389 0.0005911102052778006 0.9999851584434509 -0.0011991863138973713
1341845688.629688 0.9998075366020203 -0.014906179159879684 -0.012754024006426334 -0.012314381077885628 0.014845357276499271 0.9998780488967896 -0.0048503088764846325 0.0014373703161254525 0.0128247682005167 0.004660037346184254 0.9999068975448608 -0.009318366646766663
1341845688.66368 0.9993916749954224 -0.025558652356266975 -0.023732168599963188 -0.011600794270634651 0.025401106104254723 0.9996533989906311 -0.006916399579495192 -0.004259013570845127 0.023900721222162247 0.006309368181973696 0.9996944069862366 -0.0143513772636652
1341845688.697719 0.9986792802810669 -0.038124967366456985 -0.03444097936153412 -0.013114172965288162 0.03769615665078163 0.9992044568061829 -0.013015557080507278 -0.007185951340943575 0.03490980342030525 0.011700073257088661 0.9993219375610352 -0.018516041338443756
1341845688.729899 0.9980531334877014 -0.04147227481007576 -0.04658323526382446 -0.015195309184491634 0.04033404961228371 0.9988704919815063 -0.025114327669143677 0.00285157049074769 0.04757217317819595 0.023186542093753815 0.9985986948013306 -0.020076049491763115
1341845688.761762 0.9974899888038635 -0.04446355998516083 -0.055105723440647125 -0.006280834320932627 0.04286576807498932 0.9986348748207092 -0.029846079647541046 0.004176643677055836 0.05635756254196167 0.02740902081131935 0.9980342984199524 -0.01477352250367403
1341845688.797687 0.9977618455886841 -0.04093669354915619 -0.052873507142066956 -0.0056940424256026745 0.039116207510232925 0.998620867729187 -0.03501889109611511 0.013322867453098297 0.05423415079712868 0.03287229686975479 0.9979870319366455 -0.018567409366369247
1341845688.829892 0.9980759620666504 -0.03795025870203972 -0.04903297871351242 -0.0053911940194666386 0.03622208163142204 0.998707115650177 -0.03566603362560272 0.01757950149476528 0.05032311752438545 0.03382132202386856 0.998160183429718 -0.018741389736533165
1341845688.865774 0.9981624484062195 -0.039405349642038345 -0.04603260010480881 -0.01370370015501976 0.037882495671510696 0.9987205862998962 -0.03349924460053444 0.01535721868276596 0.04729374870657921 0.03169385716319084 0.9983780980110168 -0.022659193724393845
1341845688.929779 0.9974373579025269 -0.044110026210546494 -0.056329529732465744 -0.023732218891382217 0.04216437414288521 0.9984877705574036 -0.03527453914284706 0.020181357860565186 0.057800304144620895 0.032809048891067505 0.9977889657020569 -0.031259119510650635
1341845688.965631 0.9969361424446106 -0.04268729314208031 -0.06554658710956573 -0.013861669227480888 0.04032173380255699 0.9985015392303467 -0.03699864447116852 0.026784181594848633 0.067027747631073 0.03424232453107834 0.9971633553504944 -0.02635854296386242
1341845688.99775 0.9971964359283447 -0.034729380160570145 -0.06628048419952393 -0.009193554520606995 0.032201848924160004 0.9987268447875977 -0.03882886469364166 0.04363801330327988 0.0675446018576622 0.03658565878868103 0.9970451593399048 -0.027525434270501137
1341845689.029751 0.9978406429290771 -0.024748200550675392 -0.060840312391519547 -0.0116967698559165 0.022884298115968704 0.99925297498703 -0.03114415891468525 0.04737753048539162 0.06156562641263008 0.02968461625277996 0.9976614713668823 -0.027869461104273796
1341845689.065755 0.9981268644332886 -0.022692430764436722 -0.05681297928094864 -0.016054032370448112 0.021317219361662865 0.9994677305221558 -0.024696040898561478 0.05185782164335251 0.05734315514564514 0.02343868277966976 0.9980793595314026 -0.029005467891693115
1341845689.097725 0.9981379508972168 -0.02706349827349186 -0.05466509610414505 -0.01837313361465931 0.026035888120532036 0.9994722604751587 -0.01942392624914646 0.05847002565860748 0.05516193434596062 0.017964502796530724 0.9983158111572266 -0.027244381606578827
1341845689.133718 0.9981368184089661 -0.031887561082839966 -0.0520191453397274 -0.01984342187643051 0.031093504279851913 0.9993882775306702 -0.016003431752324104 0.06204098090529442 0.052497636526823044 0.014356153085827827 0.9985178709030151 -0.026723193004727364
1341845689.165884 0.99797523021698 -0.03933247551321983 -0.049982912838459015 -0.022194458171725273 0.038897112011909485 0.9991965293884277 -0.009653626009821892 0.06125177815556526 0.05032246559858322 0.007689887657761574 0.9987034201622009 -0.03197360411286354
1341845689.198264 0.9979181289672852 -0.042397983372211456 -0.04860011488199234 -0.02476942352950573 0.04210590571165085 0.99908846616745 -0.007018439471721649 0.07194370031356812 0.04885338246822357 0.004957469180226326 0.9987937211990356 -0.029558943584561348
1341845689.234322 0.9978256821632385 -0.046198368072509766 -0.04700683429837227 -0.024219613522291183 0.04625191166996956 0.9989297389984131 5.153566598892212e-05 0.06545407325029373 0.04695414379239082 -0.002225581556558609 0.9988946318626404 -0.031743213534355164
1341845689.265745 0.9978228807449341 -0.04882023110985756 -0.04433922469615936 -0.02982897125184536 0.04894980043172836 0.9987995624542236 0.0018406882882118225 0.06690885871648788 0.044196151196956635 -0.00400707870721817 0.9990147948265076 -0.03169390186667442
1341845689.297769 0.9975773096084595 -0.050064634531736374 -0.048301950097084045 -0.02195281907916069 0.05036954954266548 0.9987175464630127 0.0051155188120901585 0.06778090447187424 0.04798390716314316 -0.007536072749644518 0.9988197088241577 -0.028791777789592743
1341845689.33365 0.9976444840431213 -0.04992741346359253 -0.047039881348609924 -0.01963266357779503 0.05031748488545418 0.9987077713012695 0.0071443174965679646 0.06802612543106079 0.046622395515441895 -0.00949441734701395 0.9988675117492676 -0.02690093405544758
1341845689.365881 0.997672975063324 -0.04983113333582878 -0.046534463763237 -0.01995133049786091 0.050203852355480194 0.9987152814865112 0.006874626036733389 0.06648320704698563 0.04613211750984192 -0.009194837883114815 0.9988930821418762 -0.025735685601830482
1341845689.401592 0.9976486563682556 -0.04905017092823982 -0.04786667227745056 -0.020980507135391235 0.04930883273482323 0.9987745881080627 0.004237271845340729 0.06776922941207886 0.04760017991065979 -0.006587558425962925 0.9988448619842529 -0.02917635440826416
1341845689.433744 0.9976637363433838 -0.04765425994992256 -0.04895217716693878 -0.0222014132887125 0.0479646660387516 0.9988355040550232 0.005185279995203018 0.061898812651634216 0.048648081719875336 -0.007521139923483133 0.9987877011299133 -0.02909630909562111
1341845689.465651 0.9974928498268127 -0.04880281910300255 -0.05124814808368683 -0.023533515632152557 0.049005817621946335 0.9987948536872864 0.00271127512678504 0.05127092823386192 0.05105407536029816 -0.005215934477746487 0.9986823201179504 -0.03619629889726639
1341845689.50184 0.997422456741333 -0.042663052678108215 -0.05769084021449089 -0.023998714983463287 0.04243360459804535 0.9990857839584351 -0.005196884740144014 0.05309925228357315 0.057859815657138824 0.0027354597114026546 0.9983210563659668 -0.03803559020161629
1341845689.533687 0.9974486231803894 -0.03418920934200287 -0.06266963481903076 -0.018941683694720268 0.03362957388162613 0.9993847012519836 -0.009963521733880043 0.05649619549512863 0.06297173351049423 0.007830547168850899 0.9979845881462097 -0.0362522192299366
1341845689.565814 0.9978022575378418 -0.02689223736524582 -0.060560956597328186 -0.02404526062309742 0.026215359568595886 0.9995849132537842 -0.011943979188799858 0.04859520494937897 0.06085703521966934 0.010330099612474442 0.9980930685997009 -0.03924622759222984
1341845689.601682 0.9977993369102478 -0.02107355184853077 -0.06286831945180893 -0.028909433633089066 0.020079290494322777 0.9996638298034668 -0.01640509068965912 0.04613594338297844 0.06319289654493332 0.015106634236872196 0.9978870749473572 -0.044586993753910065
1341845689.633591 0.9974905848503113 -0.012298260815441608 -0.06972286850214005 -0.025423046201467514 0.010809607803821564 0.9997062683105469 -0.021688345819711685 0.05037834122776985 0.06996912509202957 0.02088025212287903 0.9973306655883789 -0.04609566181898117
1341845689.669672 0.9973173141479492 -0.010183478705585003 -0.07248737663030624 -0.026257166638970375 0.008538229390978813 0.9996996521949768 -0.02297094836831093 0.049950554966926575 0.07269954681396484 0.022290416061878204 0.997104823589325 -0.050989940762519836
1341845689.7017 0.9970028400421143 -0.010088222101330757 -0.07670468091964722 -0.028834588825702667 0.008243152871727943 0.9996699094772339 -0.024332886561751366 0.04723210632801056 0.07692483067512512 0.023627668619155884 0.9967570304870605 -0.05317598208785057
1341845689.733773 0.9967647194862366 -0.0047422144562006 -0.08023626357316971 -0.03509864583611488 0.0024602836929261684 0.9995903372764587 -0.02851513959467411 0.05792078748345375 0.08033863455057144 0.028225479647517204 0.996367871761322 -0.0502031035721302
1341845689.769822 0.9964643716812134 -0.0026482983957976103 -0.08397562056779861 -0.033361662179231644 0.00019219751993659884 0.9995723366737366 -0.029242390766739845 0.05888407304883003 0.08401714265346527 0.029122859239578247 0.9960386753082275 -0.04889895021915436
1341845689.802003 0.9962053894996643 -0.00196822383441031 -0.08701169490814209 -0.035908106714487076 -0.0005923706339672208 0.9995678067207336 -0.029392551630735397 0.05801213160157204 0.08703194558620453 0.029332561418414116 0.9957736730575562 -0.04820337891578674
1341845689.833757 0.9957317113876343 0.0016212413320317864 -0.09228070080280304 -0.037739936262369156 -0.004589386750012636 0.9994785189628601 -0.03196121007204056 0.06058305501937866 0.0921807661652565 0.032248299568891525 0.9952200055122375 -0.048568665981292725
1341845689.869861 0.9952737092971802 0.003664660034701228 -0.09703981876373291 -0.03677341714501381 -0.007146794814616442 0.9993420243263245 -0.035560328513383865 0.06617864966392517 0.09684564173221588 0.03608578443527222 0.9946450591087341 -0.04805656149983406
1341845689.901825 0.9950807690620422 0.0031258324161171913 -0.09901759773492813 -0.0398004986345768 -0.00667918473482132 0.9993447661399841 -0.03557492420077324 0.06493180245161057 0.09884149581193924 0.036061279475688934 0.9944495558738708 -0.048297952860593796
1341845689.937674 0.9945817589759827 0.0014828855637460947 -0.10394717752933502 -0.03995818272233009 -0.005476057529449463 0.9992572665214539 -0.03814055770635605 0.06624606996774673 0.10381343215703964 0.038503117859363556 0.9938512444496155 -0.048827677965164185
1341845689.969679 0.9941628575325012 0.0006571991252712905 -0.1078876405954361 -0.03535990044474602 -0.005017733201384544 0.9991810917854309 -0.040150877088308334 0.07131350040435791 0.10777289420366287 0.04045785963535309 0.9933519959449768 -0.04669751599431038
1341845690.00383 0.9942668676376343 0.0016983801033347845 -0.10691352188587189 -0.037858955562114716 -0.005989785771816969 0.9991885423660278 -0.03983074054121971 0.07186216861009598 0.10675910860300064 0.04024277999997139 0.9934702515602112 -0.04929840937256813
1341845690.037686 0.9942135214805603 0.005917053669691086 -0.107259601354599 -0.03888155519962311 -0.009969057515263557 0.9992550611495972 -0.03728080168366432 0.0644184798002243 0.10695910453796387 0.03813435137271881 0.9935319423675537 -0.05008137598633766
1341845690.069636 0.9941128492355347 0.0035939468070864677 -0.10829059779644012 -0.03414180502295494 -0.00794349703937769 0.9991776943206787 -0.039760977029800415 0.06901002675294876 0.10805864632129669 0.0403871051967144 0.9933238625526428 -0.048800013959407806
1341845690.106587 0.9942161440849304 0.0037845363840460777 -0.10733064264059067 -0.038916800171136856 -0.008017899468541145 0.9992055892944336 -0.03903820365667343 0.06826171278953552 0.10709761828184128 0.03967297822237015 0.9934566617012024 -0.0517461784183979
1341845690.138859 0.9939427375793457 0.006011739373207092 -0.10973431915044785 -0.034540995955467224 -0.010275150649249554 0.999212384223938 -0.03832809999585152 0.06753530353307724 0.10941745340824127 0.03922346979379654 0.9932217597961426 -0.04953145235776901
1341845690.169919 0.994120717048645 0.003994699101895094 -0.10820332169532776 -0.03488743305206299 -0.008222458884119987 0.9992188811302185 -0.03865443170070648 0.0672532245516777 0.10796438157558441 0.039316870272159576 0.9933770298957825 -0.049351513385772705
1341845690.206103 0.994087278842926 0.003573836525902152 -0.10852517187595367 -0.03429286181926727 -0.007852911949157715 0.9992073774337769 -0.03902759030461311 0.07171809673309326 0.10829965770244598 0.03964906930923462 0.9933273196220398 -0.052355848252773285
1341845690.2377 0.9939354658126831 0.003995138686150312 -0.10989300161600113 -0.03471498191356659 -0.00810447707772255 0.999283492565155 -0.0369727797806263 0.06932409852743149 0.10966654121875763 0.037639182060956955 0.993255615234375 -0.04743264615535736
1341845690.269981 0.9937503933906555 0.005515789147466421 -0.11148810386657715 -0.03717275708913803 -0.009809030219912529 0.9992297291755676 -0.037996768951416016 0.06808937340974808 0.11119264364242554 0.03885289281606674 0.9930391907691956 -0.05008833110332489
1341845690.306143 0.9933936595916748 0.007871035486459732 -0.11448661983013153 -0.03527253493666649 -0.012386777438223362 0.9991708397865295 -0.03878563269972801 0.06896708160638809 0.11408640444278717 0.0399475172162056 0.9926674365997314 -0.05092781037092209
1341845690.338646 0.9933755397796631 0.005128554534167051 -0.11479844152927399 -0.0348217710852623 -0.009602651000022888 0.9992142915725708 -0.03845447674393654 0.07298625260591507 0.11451102793216705 0.03930211812257767 0.9926443099975586 -0.05006664991378784
1341845690.373833 0.9933086633682251 0.006288811098784208 -0.1153184249997139 -0.035890527069568634 -0.010475721210241318 0.9993063807487488 -0.03573736548423767 0.07097844034433365 0.11501368880271912 0.03670627623796463 0.9926854968070984 -0.0505521334707737
1341845690.405976 0.9932219386100769 0.008481058292090893 -0.11592334508895874 -0.03532402589917183 -0.012832172214984894 0.9992388486862183 -0.03683982044458389 0.07397949695587158 0.11552265286445618 0.038077667355537415 0.9925747513771057 -0.04724349454045296
1341845690.437908 0.9932507276535034 0.008185168728232384 -0.1156977117061615 -0.03279770910739899 -0.012367857620120049 0.9992938041687012 -0.03548033908009529 0.0695461630821228 0.11532558500766754 0.036671798676252365 0.9926506280899048 -0.049782123416662216
1341845690.473654 0.993323028087616 0.005878289230167866 -0.11521569639444351 -0.03880900889635086 -0.01006295531988144 0.9993093609809875 -0.03577234596014023 0.07006459683179855 0.11492584645748138 0.03669290989637375 0.9926961660385132 -0.04871562123298645
1341845690.505978 0.9928094148635864 0.006774414796382189 -0.1195138618350029 -0.03525663539767265 -0.011212389916181564 0.9992707371711731 -0.03650030493736267 0.06842077523469925 0.11917942762374878 0.03757787495851517 0.9921614527702332 -0.04818525165319443
1341845690.537884 0.9927372336387634 0.01097810734063387 -0.11980050057172775 -0.034040603786706924 -0.015590876340866089 0.9991699457168579 -0.03763464093208313 0.07149765640497208 0.1192878931760788 0.039229102432727814 0.9920844435691833 -0.05003584548830986
1341845690.573708 0.9930198788642883 0.007972266525030136 -0.11767646670341492 -0.03317125141620636 -0.012436289340257645 0.9992286562919617 -0.037249304354190826 0.07364484667778015 0.11728872358798981 0.038452766835689545 0.9923532605171204 -0.046477310359478
1341845690.605848 0.9932096600532532 0.005706083495169878 -0.11619804054498672 -0.035135358572006226 -0.010020291432738304 0.999280571937561 -0.036577824503183365 0.07184784859418869 0.11590570211410522 0.037493783980607986 0.9925523996353149 -0.046761639416217804
1341845690.641747 0.993036150932312 0.006609611213207245 -0.11762422323226929 -0.03343437612056732 -0.010931122116744518 0.9992872476577759 -0.036132846027612686 0.0660262480378151 0.11730155348777771 0.03716699033975601 0.9924007058143616 -0.04712339863181114
1341845690.673751 0.9932253956794739 0.007540834601968527 -0.11595943570137024 -0.032526396214962006 -0.012052959762513638 0.9991951584815979 -0.03825938701629639 0.07233834266662598 0.1155775934457779 0.03939784690737724 0.992516815662384 -0.04467238113284111
1341845690.706003 0.9934875965118408 0.007554239593446255 -0.11368990689516068 -0.03248903527855873 -0.012047289870679379 0.9991710782051086 -0.038885198533535004 0.07212304323911667 0.11330191791057587 0.04000162333250046 0.992755115032196 -0.04364340379834175
1341845690.741684 0.993548572063446 0.009257275611162186 -0.11302971094846725 -0.03150250017642975 -0.013891300186514854 0.9990918636322021 -0.0402798056602478 0.0717381164431572 0.1125541627407074 0.04159006476402283 0.9927749037742615 -0.04491591826081276
1341845690.77377 0.9936047196388245 0.007578627206385136 -0.11265964806079865 -0.027858762070536613 -0.01220562495291233 0.9991075396537781 -0.04043777659535408 0.0709492638707161 0.11225263774394989 0.041554249823093414 0.9928105473518372 -0.043766237795352936
1341845690.805715 0.9939046502113342 0.007214490324258804 -0.11000755429267883 -0.02953212521970272 -0.011790861375629902 0.9990893006324768 -0.04100693762302399 0.06962494552135468 0.10961151123046875 0.042054060846567154 0.9930844902992249 -0.04593423008918762
1341845690.841674 0.994102418422699 0.006434453651309013 -0.10825450718402863 -0.03021177463233471 -0.010961771011352539 0.9990875720977783 -0.04127809777855873 0.0695691779255867 0.10789012908935547 0.0422213152050972 0.9932658672332764 -0.04695623368024826
1341845690.87377 0.9941925406455994 0.006673979572951794 -0.10740892589092255 -0.02828918769955635 -0.011268840171396732 0.9990444183349609 -0.042229220271110535 0.07390467822551727 0.10702443867921829 0.043194349855184555 0.9933177828788757 -0.045783743262290955
1341845690.909837 0.9943930506706238 0.004726178478449583 -0.10564129799604416 -0.029604000970721245 -0.009020346216857433 0.9991506338119507 -0.04020780324935913 0.07097399234771729 0.10536153614521027 0.04093528538942337 0.9935911893844604 -0.043601199984550476
1341845690.941576 0.994461715221405 0.00465692114084959 -0.10499651730060577 -0.030125189572572708 -0.008889571763575077 0.9991649389266968 -0.03988044336438179 0.07036298513412476 0.10472311824560165 0.040592942386865616 0.9936726689338684 -0.04523644968867302
1341845690.973879 0.994587242603302 0.0052216919139027596 -0.10377390682697296 -0.030315523967146873 -0.009444690309464931 0.9991452097892761 -0.04024461284279823 0.07110866159200668 0.10347504913806915 0.04100688174366951 0.9937863945960999 -0.04320618882775307
1341845691.011558 0.9946633577346802 0.0021264422684907913 -0.10315194725990295 -0.027590163052082062 -0.006519904360175133 0.9990848302841187 -0.04227367788553238 0.0774926021695137 0.10296764224767685 0.042720623314380646 0.9937669038772583 -0.042418234050273895
1341845691.077986 0.9946385025978088 0.005997733678668737 -0.10323833674192429 -0.028008604422211647 -0.010380551218986511 0.9990649819374084 -0.04196862131357193 0.07384403795003891 0.10289008170366287 0.04281528294086456 0.9937708973884583 -0.042097337543964386
1341845691.109685 0.9946318864822388 0.005191325210034847 -0.10334622114896774 -0.023481525480747223 -0.009636362083256245 0.9990475177764893 -0.04255843535065651 0.07235980033874512 0.1030268445611 0.04332585632801056 0.9937345385551453 -0.0421094074845314
1341845691.141759 0.9949529767036438 0.004657706245779991 -0.1002340316772461 -0.025722768157720566 -0.009054857306182384 0.9990141987800598 -0.04345869645476341 0.0722363144159317 0.09993280470371246 0.04414696618914604 0.9940143823623657 -0.04204011335968971
1341845691.177729 0.9949936866760254 0.007010491564869881 -0.09969176352024078 -0.029253359884023666 -0.011564705520868301 0.9989120364189148 -0.04517870023846626 0.07318896055221558 0.09926657378673553 0.04610542953014374 0.9939922094345093 -0.042718417942523956
1341845691.209644 0.9946693778038025 0.009704384952783585 -0.10265763103961945 -0.021849526092410088 -0.014389974065124989 0.9988833069801331 -0.04500124230980873 0.07383549213409424 0.10210627317428589 0.04623859375715256 0.9936983585357666 -0.043486930429935455
1341845691.241757 0.9949097037315369 0.00875710416585207 -0.10038928687572479 -0.019752392545342445 -0.013287713751196861 0.9989187121391296 -0.044550973922014236 0.07290628552436829 0.09989059716463089 0.045658137649297714 0.993950366973877 -0.042175352573394775
1341845691.277595 0.9952100515365601 0.0083253663033247 -0.09740453958511353 -0.030277159065008163 -0.012735478579998016 0.9989174008369446 -0.044742509722709656 0.06791305541992188 0.09692657738924026 0.04576869308948517 0.9942386746406555 -0.046103060245513916
1341845691.310138 0.9946842193603516 0.011211428791284561 -0.10236048698425293 -0.02705562859773636 -0.016061676666140556 0.9987806081771851 -0.04668343812227249 0.07237743586301804 0.10171228647232056 0.04807935655117035 0.9936513900756836 -0.04712100699543953
1341845691.34562 0.9944719672203064 0.01221619825810194 -0.10428819060325623 -0.01702808029949665 -0.017206670716404915 0.9987425208091736 -0.047087959945201874 0.07364146411418915 0.10358181595802307 0.048622116446495056 0.993431806564331 -0.04545336589217186
1341845691.378062 0.995033323764801 0.014638148248195648 -0.09845975041389465 -0.021824847906827927 -0.019391782581806183 0.9986832141876221 -0.047497570514678955 0.07212206721305847 0.09763480722904205 0.049170978367328644 0.994006872177124 -0.04453111067414284
1341845691.451922 0.9950461983680725 0.017030924558639526 -0.09794366359710693 -0.021102629601955414 -0.021942809224128723 0.9985433220863342 -0.049293555319309235 0.07617463171482086 0.09696146845817566 0.05119851976633072 0.9939704537391663 -0.047223422676324844
1341845691.509739 0.9954338073730469 0.017727628350257874 -0.09379427880048752 -0.024419795721769333 -0.022130873054265976 0.9986909627914429 -0.04611576348543167 0.06997618079185486 0.09285396337509155 0.047980934381484985 0.9945230484008789 -0.04659661650657654
1341845691.545833 0.9951905012130737 0.02038954570889473 -0.09581299126148224 -0.021163150668144226 -0.02501104027032852 0.9985682964324951 -0.04728370159864426 0.07412879914045334 0.09471172839403152 0.04945266991853714 0.994275689125061 -0.04572398588061333
1341845691.578399 0.9951090216636658 0.024526134133338928 -0.0956902727484703 -0.01366579532623291 -0.02892504446208477 0.9985746145248413 -0.04485724866390228 0.07329487055540085 0.09445369243621826 0.04740569740533829 0.9943999648094177 -0.04434804618358612
1341845691.613857 0.9952400922775269 0.03221381828188896 -0.09197460860013962 -0.007551706861704588 -0.036441754549741745 0.9983372092247009 -0.04466494917869568 0.0719984918832779 0.09038283675909042 0.04780406504869461 0.994759202003479 -0.041510097682476044
1341845691.645632 0.9957751631736755 0.03815785050392151 -0.0835215374827385 -0.014299403876066208 -0.04202942177653313 0.9980981349945068 -0.04509706050157547 0.06596580892801285 0.08164186775684357 0.04841689392924309 0.9954850077629089 -0.04548681154847145
1341845691.677793 0.9960291981697083 0.0338188037276268 -0.08235388994216919 -0.01933935284614563 -0.03781166300177574 0.9981592893600464 -0.04741697758436203 0.06764485687017441 0.08059870451688766 0.0503426268696785 0.9954745769500732 -0.04689157381653786
1341845691.713727 0.995991051197052 0.029599839821457863 -0.08441339433193207 -0.022223755717277527 -0.033824045211076736 0.9982230067253113 -0.04905861243605614 0.07005971670150757 0.08281126618385315 0.05171713978052139 0.9952224493026733 -0.04675652086734772
1341845691.74605 0.9956624507904053 0.03174836188554764 -0.08745571225881577 -0.013721087947487831 -0.03644232824444771 0.9979500770568848 -0.05260911583900452 0.07728733867406845 0.0856061726808548 0.05556800961494446 0.9947783350944519 -0.042143747210502625
1341845691.778411 0.9958153963088989 0.03354771062731743 -0.0850072056055069 -0.005862609017640352 -0.03812314569950104 0.9978779554367065 -0.052784934639930725 0.08483555167913437 0.08305598795413971 0.0558047890663147 0.9949812293052673 -0.04149939864873886
1341845691.813646 0.9963289499282837 0.030822113156318665 -0.07986483722925186 -0.013426278717815876 -0.034644048660993576 0.9982978105545044 -0.046919677406549454 0.07494005560874939 0.07828272134065628 0.0495142862200737 0.9957008361816406 -0.043021310120821
1341845691.845603 0.9963512420654297 0.02914809249341488 -0.08021567016839981 -0.019258510321378708 -0.03307264670729637 0.9982978105545044 -0.04803922772407532 0.07657376676797867 0.07867886126041412 0.05051688849925995 0.9956192970275879 -0.04323676973581314
1341845691.881595 0.9959550499916077 0.03280472382903099 -0.08365017920732498 -0.014509225264191628 -0.03696528449654579 0.9981300234794617 -0.04868340492248535 0.07817672938108444 0.08189670741558075 0.05157863348722458 0.9953053593635559 -0.042158205062150955
1341845691.9136 0.9961660504341125 0.031775157898664474 -0.08150696009397507 -0.013975085690617561 -0.03583291545510292 0.9981648921966553 -0.04881411790847778 0.07832407206296921 0.07980631291866302 0.05154760926961899 0.9954767227172852 -0.04336140304803848
1341845691.945997 0.9963390231132507 0.026449766010046005 -0.08129452168941498 -0.01964212954044342 -0.03040231391787529 0.9983955025672913 -0.04777306318283081 0.0703498050570488 0.07990047335624695 0.05006971210241318 0.9955446124076843 -0.042246706783771515
1341845691.981657 0.9957304000854492 0.019856471568346024 -0.09014832228422165 -0.021640719845891 -0.0244893878698349 0.9984197020530701 -0.050580382347106934 0.06708267331123352 0.08900150656700134 0.052572101354599 0.9946431517601013 -0.04505131021142006
1341845692.013904 0.9949591755867004 0.01655763015151024 -0.09890510141849518 -0.015644680708646774 -0.021966705098748207 0.9983072876930237 -0.053853366523981094 0.0661604255437851 0.09784598648548126 0.05575451999902725 0.9936385154724121 -0.04746995493769646
1341845692.049676 0.99471515417099 0.014608913101255894 -0.10162873566150665 -0.011549087241292 -0.020472945645451546 0.9981699585914612 -0.056898944079875946 0.07299149036407471 0.10061153024435043 0.05867888405919075 0.9931939244270325 -0.04578184708952904
1341845692.081862 0.9945520758628845 0.01260230503976345 -0.10347668826580048 -0.011540813371539116 -0.018622402101755142 0.9981764554977417 -0.05741993337869644 0.07049863040447235 0.10256437212228775 0.05903410166501999 0.9929730892181396 -0.044797662645578384
1341845692.113695 0.9940803647041321 0.014435315504670143 -0.10768470913171768 -0.004916785284876823 -0.02075447514653206 0.9981127977371216 -0.057794131338596344 0.06956788152456284 0.10664720833301544 0.05968695133924484 0.9925038814544678 -0.04533183202147484
1341845692.149736 0.994138777256012 0.01674632355570793 -0.1068069264292717 -0.0019564982503652573 -0.0230712927877903 0.9980347752571106 -0.058260753750801086 0.07226059585809708 0.10562136024236679 0.06038345396518707 0.9925714135169983 -0.045387569814920425
1341845692.182123 0.994443953037262 0.015006818808615208 -0.10419122129678726 -0.0046862708404660225 -0.021260526031255722 0.9980213642120361 -0.05917271971702576 0.06817160546779633 0.10309704393148422 0.06105911731719971 0.992795467376709 -0.04521546512842178
1341845692.213661 0.994356632232666 0.013452637940645218 -0.1052330881357193 -0.004020020831376314 -0.0200412105768919 0.9978870749473572 -0.06180466338992119 0.07109486311674118 0.10417930036783218 0.06356486678123474 0.9925251603126526 -0.04672766476869583
1341845692.249828 0.9942936301231384 0.014093496836721897 -0.10574265569448471 -0.0011044414713978767 -0.02061072736978531 0.9979375004768372 -0.06079563498497009 0.069933220744133 0.10466770827770233 0.06262815743684769 0.9925333261489868 -0.046902816742658615
1341845692.282146 0.9944799542427063 0.015498322434723377 -0.10377553850412369 -0.0017777662724256516 -0.021809853613376617 0.997962236404419 -0.05996327847242355 0.07071506977081299 0.1026347428560257 0.06189560890197754 0.9927916526794434 -0.04648451507091522
1341845692.317711 0.9943199753761292 0.014775286428630352 -0.10540148615837097 -0.0017389822751283646 -0.021065346896648407 0.9980466365814209 -0.05881580710411072 0.06806860864162445 0.10432658344507217 0.06070205569267273 0.9926888942718506 -0.0491672083735466
1341845692.349688 0.9939966797828674 0.016124017536640167 -0.10821533203125 -0.00044790375977754593 -0.022658696398139 0.99797523021698 -0.05943053960800171 0.06648264080286026 0.10703796148300171 0.06152578070759773 0.9923495054244995 -0.04659063741564751
1341845692.38156 0.9938156604766846 0.017309801653027534 -0.109685018658638 0.00449820701032877 -0.024097247049212456 0.9978554248809814 -0.060861051082611084 0.06331084668636322 0.10839627683162689 0.06312777101993561 0.9921014308929443 -0.0493759848177433
1341845692.417776 0.993911862373352 0.02054428681731224 -0.10824631154537201 0.002827160991728306 -0.027489176020026207 0.9976309537887573 -0.06306174397468567 0.06523911654949188 0.10669431835412979 0.06565341353416443 0.9921220541000366 -0.0506797730922699
1341845692.449672 0.9938130974769592 0.022068077698349953 -0.10885151475667953 0.003744887188076973 -0.029075803235173225 0.997576117515564 -0.06321755796670914 0.062257345765829086 0.10719258338212967 0.0659913718700409 0.9920457601547241 -0.05327126756310463
1341845692.481594 0.9938172698020935 0.024457240477204323 -0.10830053687095642 8.70823860168457e-05 -0.031635504215955734 0.9973792433738708 -0.06506672501564026 0.061904456466436386 0.10642535984516144 0.06809058785438538 0.9919865727424622 -0.05559826269745827
1341845692.517778 0.9936464428901672 0.02416517585515976 -0.10992209613323212 0.0032764864154160023 -0.0316179022192955 0.9972806572914124 -0.06657033413648605 0.05859501659870148 0.10801450163125992 0.06962287425994873 0.9917084574699402 -0.056950658559799194
1341845692.549744 0.9935571551322937 0.02500811591744423 -0.11053834855556488 0.004640073049813509 -0.03279341757297516 0.9970648884773254 -0.06918346136808395 0.058652251958847046 0.10848373919725418 0.07236266136169434 0.9914610385894775 -0.0568380132317543
1341845692.585822 0.9935097694396973 0.026715392246842384 -0.1105647012591362 0.00458451546728611 -0.03459843993186951 0.9969465732574463 -0.07000486552715302 0.061066821217536926 0.10835687816143036 0.0733758807182312 0.9914004802703857 -0.057049382477998734
1341845692.617836 0.9937642812728882 0.02573101781308651 -0.10849183797836304 0.004289867822080851 -0.03343871235847473 0.9969980716705322 -0.06983406096696854 0.05752778798341751 0.10636923462152481 0.07302643358707428 0.9916415214538574 -0.05948944762349129
1341845692.64977 0.993892252445221 0.024579541757702827 -0.1075822114944458 0.001722689252346754 -0.03238290175795555 0.996921956539154 -0.07139870524406433 0.057402439415454865 0.1054961308836937 0.07444643974304199 0.9916291832923889 -0.06197412312030792
1341845692.685749 0.9937520027160645 0.025328263640403748 -0.10869908332824707 -0.0007112743332982063 -0.03336694836616516 0.9967895150184631 -0.07278367877006531 0.05992046743631363 0.10650661587715149 0.07595588266849518 0.9914065599441528 -0.0625440925359726
1341845692.717676 0.9936548471450806 0.02601795829832554 -0.10942099243402481 0.0033662014175206423 -0.03419855609536171 0.9967039823532104 -0.07356321811676025 0.061387185007333755 0.10714636743068695 0.07683850079774857 0.9912697076797485 -0.0621085986495018
1341845692.749897 0.9942291975021362 0.025057202205061913 -0.10430935770273209 -0.0021052989177405834 -0.032753899693489075 0.9968129396438599 -0.07274071872234344 0.058059535920619965 0.10215422511100769 0.07573748379945755 0.991881251335144 -0.06402993947267532
1341845692.785833 0.994054913520813 0.026893945410847664 -0.10550557076931 -0.0056920102797448635 -0.03475506603717804 0.9966973662376404 -0.07339252531528473 0.05414336174726486 0.1031833216547966 0.07662306725978851 0.9917066693305969 -0.06554698944091797
1341845692.817657 0.9933097958564758 0.03316310793161392 -0.1106162741780281 0.003998573403805494 -0.04190438985824585 0.9960989356040955 -0.07765859365463257 0.060657352209091187 0.10760936141014099 0.08177433907985687 0.9908245801925659 -0.06365197151899338
1341845692.853833 0.9936826825141907 0.035873204469680786 -0.10633902251720428 0.0012390362098813057 -0.044227030128240585 0.9960286617279053 -0.07727072387933731 0.05518046393990517 0.10314475744962692 0.08148562908172607 0.9913230538368225 -0.06763383001089096
1341845692.885614 0.9938228726387024 0.036614593118429184 -0.1047636941075325 -0.004276596009731293 -0.045162383466959 0.995737612247467 -0.08041796088218689 0.05522854998707771 0.10137265920639038 0.08465257287025452 0.991240382194519 -0.06789732724428177
1341845692.917728 0.9934474229812622 0.038431618362665176 -0.10763464123010635 -1.3523735105991364e-05 -0.04737688973546028 0.9955201745033264 -0.08182310312986374 0.054507818073034286 0.10400785505771637 0.08638635277748108 0.9908177852630615 -0.06824043393135071
1341845692.953573 0.9935190677642822 0.03898707404732704 -0.10677028447389603 0.0016940427012741566 -0.0480247400701046 0.9953560829162598 -0.08342654258012772 0.05440932512283325 0.10302188992500305 0.08801347762346268 0.9907775521278381 -0.0687563344836235
1341845692.985667 0.9937664270401001 0.03867536783218384 -0.10455890744924545 -0.002080082893371582 -0.04765894263982773 0.9952547550201416 -0.08483268320560455 0.05202985554933548 0.10078181326389313 0.08928705751895905 0.990894079208374 -0.07211542129516602
1341845693.017585 0.9936227798461914 0.03883606567978859 -0.10585671663284302 0.0006252801977097988 -0.048011768609285355 0.995175838470459 -0.08555787056684494 0.0555131621658802 0.10202329605817795 0.09009461104869843 0.9906938672065735 -0.07187632471323013
1341845693.053684 0.9937865138053894 0.03989369049668312 -0.10390743613243103 -0.0002959715202450752 -0.04884765297174454 0.9951740503311157 -0.08510443568229675 0.05312103405594826 0.10001084208488464 0.08965127170085907 0.9909392595291138 -0.07049917429685593
1341845693.086059 0.993895411491394 0.036774978041648865 -0.10401710122823715 -0.0014969827607274055 -0.04598720744252205 0.9950937032699585 -0.08760026842355728 0.0543358139693737 0.10028526186943054 0.09184896945953369 0.9907101988792419 -0.07104943692684174
1341845693.12169 0.9938060641288757 0.03339774161577225 -0.10599096864461899 -0.002537347376346588 -0.0428801029920578 0.9951541423797607 -0.0884849950671196 0.05682508647441864 0.10252214968204498 0.0924818366765976 0.9904223680496216 -0.07232380658388138
1341845693.153852 0.9934483170509338 0.03506474569439888 -0.10876962542533875 0.0012755785137414932 -0.04474345222115517 0.9951274991035461 -0.08785917609930038 0.061029355973005295 0.10515888035297394 0.09215027838945389 0.9901767373085022 -0.07233364880084991
1341845693.185655 0.9937551617622375 0.035411372780799866 -0.10581435263156891 0.003940890543162823 -0.044639043509960175 0.9952816367149353 -0.08615082502365112 0.05966603010892868 0.10226435214281082 0.09033627808094025 0.99064701795578 -0.07113920897245407
1341845693.221687 0.994289219379425 0.030766749754548073 -0.10218845307826996 -0.005144531838595867 -0.039575979113578796 0.9955665469169617 -0.08532872796058655 0.05594716966152191 0.09911010414361954 0.08888565003871918 0.9910986423492432 -0.07379499822854996
1341845693.254518 0.9938142895698547 0.027862928807735443 -0.1075027734041214 -0.007820149883627892 -0.03733021765947342 0.9955013990402222 -0.08708354085683823 0.05670121684670448 0.10459275543689728 0.09055797755718231 0.9903836250305176 -0.07322615385055542
1341845693.289735 0.9931285977363586 0.028467653319239616 -0.11351265013217926 0.008957980200648308 -0.038749780505895615 0.9952390789985657 -0.08942969143390656 0.06386327743530273 0.11042637377977371 0.0932137742638588 0.9895036220550537 -0.06792735308408737
1341845693.321741 0.9939944744110107 0.029582979157567024 -0.10535582900047302 0.014425437897443771 -0.03901069238781929 0.9953049421310425 -0.08857907354831696 0.0648602619767189 0.10224073380231857 0.09215710312128067 0.9904816150665283 -0.0673472136259079
1341845693.353715 0.994993269443512 0.02625841461122036 -0.09643146395683289 0.0073632122948765755 -0.034812286496162415 0.9955012202262878 -0.0881216749548912 0.061730846762657166 0.09368370473384857 0.09103747457265854 0.9914310574531555 -0.06897996366024017
1341845693.421993 0.9954851865768433 0.028119733557105064 -0.0906558409333229 0.008504352532327175 -0.03627057373523712 0.9953213334083557 -0.08955465257167816 0.06264031678438187 0.08771342039108276 0.0924384668469429 0.9918475151062012 -0.06985374540090561
1341845693.4537 0.9955757260322571 0.03280184417963028 -0.08805178850889206 0.009215706959366798 -0.04067767783999443 0.9951830506324768 -0.08919590711593628 0.06075555831193924 0.08470186591148376 0.09238301217556 0.9921144843101501 -0.06862705200910568
1341845693.489783 0.9958150386810303 0.03365973383188248 -0.08496765047311783 0.009768609888851643 -0.0413467101752758 0.9950473308563232 -0.09039496630430222 0.05784263089299202 0.08150417357683182 0.09352979063987732 0.9922748804092407 -0.06942889839410782
1341845693.522084 0.9958820939064026 0.03247355297207832 -0.08464352786540985 0.003428170457482338 -0.04036968946456909 0.9948182106018066 -0.0933109000325203 0.05480237677693367 0.0811748057603836 0.09634368121623993 0.992032527923584 -0.07271810621023178
1341845693.557666 0.9954726099967957 0.03380163386464119 -0.08883503079414368 0.007636940106749535 -0.042491938918828964 0.994295597076416 -0.09783017635345459 0.0583031065762043 0.08502147346735 0.10116203129291534 0.9912304282188416 -0.07304568588733673
1341845693.589792 0.9952471852302551 0.03638692945241928 -0.09032776951789856 0.008470826782286167 -0.04541196674108505 0.993954598903656 -0.09996012598276138 0.059694379568099976 0.08614445477724075 0.10358699411153793 0.9908828735351562 -0.06872229278087616
1341845693.622158 0.9953697323799133 0.037109050899744034 -0.08866813778877258 0.010375791229307652 -0.046063173562288284 0.9938019514083862 -0.1011732891201973 0.06336509436368942 0.08436411619186401 0.10478917509317398 0.99090975522995 -0.06960646063089371
1341845693.689929 0.9956703782081604 0.03533617779612541 -0.08597590029239655 0.01104169525206089 -0.04393652826547623 0.9939876794815063 -0.1002906858921051 0.06743466109037399 0.08191509544849396 0.10363393276929855 0.9912365674972534 -0.07320787012577057
1341845693.721602 0.9957897663116455 0.038764916360378265 -0.08306711912155151 0.01097082532942295 -0.04665866866707802 0.9943547248840332 -0.09529820084571838 0.06660732626914978 0.07890397310256958 0.09877277165651321 0.9919768571853638 -0.07422445714473724
1341845693.757636 0.9959844946861267 0.038209378719329834 -0.0809628963470459 0.007420442998409271 -0.04556930810213089 0.9947985410690308 -0.09109960496425629 0.06500602513551712 0.07706091552972794 0.09442320466041565 0.9925451874732971 -0.0691542997956276
1341845693.789776 0.9959474205970764 0.03728495165705681 -0.08184487372636795 0.00578643474727869 -0.044620074331760406 0.9949682950973511 -0.08970510959625244 0.06484030932188034 0.0780884176492691 0.09299349784851074 0.9925999045372009 -0.07173740118741989
1341845693.825637 0.9959182739257812 0.03760294243693352 -0.08205339312553406 0.004509428050369024 -0.04475200176239014 0.995193600654602 -0.08710364252328873 0.06688154488801956 0.07838365435600281 0.09042016416788101 0.992814302444458 -0.07195355743169785
1341845693.857724 0.9960412979125977 0.03485387936234474 -0.08177311718463898 0.0031991221476346254 -0.041763558983802795 0.9955589175224304 -0.08436920493841171 0.06281411647796631 0.07846936583518982 0.08745037019252777 0.9930735230445862 -0.06634306907653809
